  4.3893274240926e+02  ms.11r3.b1         3 -1.2887768119185e-05  1.7234519206020e+02  3.9026155354176e+01  1.0019535730843e+00  5.9516946226049e-01
  4.9238525831273e+02  ms.12r3.b1         3  2.5879373895924e-05  3.7688869821391e+01  1.6290581042464e+02  1.1234570498438e+00  7.0616235197115e-01
  5.4583377421619e+02  ms.13r3.b1         3 -1.2887768119185e-05  1.7180601670664e+02  3.7824132811188e+01  1.2330117104638e+00  8.3202662399227e-01
  5.9928229011967e+02  ms.14r3.b1         3  2.5879373895924e-05  3.5247859256111e+01  1.8515085612900e+02  1.3607857646948e+00  9.3622042285544e-01
  6.5273080602314e+02  ms.15r3.b1         3 -1.2887768119185e-05  1.7655977074133e+02  3.2333804766409e+01  1.4723728844867e+00  1.0651522727398e+00
  7.0617932192661e+02  ms.16r3.b1         3  2.5879373895924e-05  3.0719587935909e+01  1.6687445316401e+02  1.6097917226892e+00  1.1871611509266e+00
  7.5962783783008e+02  ms.17r3.b1         3 -1.2887768119185e-05  1.7184659129335e+02  3.7409663948035e+01  1.7332887856001e+00  1.3126657931922e+00
  8.1307635373355e+02  ms.18r3.b1         3  2.5879373895924e-05  3.5248657833631e+01  1.8829883871168e+02  1.8610415178786e+00  1.4165036248784e+00
  8.6652486963702e+02  ms.19r3.b1         3 -1.2887768119185e-05  1.7651918218901e+02  3.2835730139940e+01  1.9726425623870e+00  1.5427826924965e+00
  9.1997338554049e+02  ms.20r3.b1         3  2.5879373895924e-05  3.0718802778454e+01  1.6409561045105e+02  2.1100851827057e+00  1.6648980596068e+00
  9.7342190144396e+02  ms.21r3.b1         3 -1.2887768119185e-05  1.7188719369100e+02  3.6828930184587e+01  2.2335657953017e+00  1.7930438032553e+00
  1.0229644173474e+03  mo.22r3.b1         4  8.9621904098793e-07  3.5297398210141e+01  1.9015645556122e+02  2.3432741163573e+00  1.8938762197538e+00
  1.0268704173474e+03  ms.22r3.b1         3  2.5879373895924e-05  3.5331285439055e+01  1.9023421979120e+02  2.3612762893348e+00  1.8970788364207e+00
  1.0803189332509e+03  ms.23r3.b1         3 -1.2887768119185e-05  1.7797439312898e+02  3.1735624257800e+01  2.4720491527570e+00  2.0254547710981e+00
  1.1298614491544e+03  mo.24r3.b1         4  8.9621904098793e-07  2.9667394253395e+01  1.6245448395292e+02  2.5914443410820e+00  2.1466458821702e+00
  1.1337674491544e+03  ms.24r3.b1         3  2.5879373895924e-05  2.9432636204409e+01  1.6341886480421e+02  2.6129781631037e+00  2.1503843917729e+00
  1.1833099650578e+03  mo.25r3.b1         4  8.9621904098793e-07  1.7175150881056e+02  3.5875679799744e+01  2.7356694285569e+00  2.2623797424568e+00
  1.1872159650578e+03  ms.25r3.b1         3 -1.2887768119185e-05  1.7299024468624e+02  3.6410316209717e+01  2.7392017125965e+00  2.2799757155659e+00
  1.2367584809613e+03  mo.26r3.b1         4  8.9621904098793e-07  3.5359772871334e+01  1.9196633570023e+02  2.8483765170229e+00  2.3809227136551e+00
  1.2406644809613e+03  ms.26r3.b1         3  2.5879373895924e-05  3.5343198083918e+01  1.9215827869774e+02  2.8663596926603e+00  2.3840941950102e+00
  1.2941129968648e+03  ms.27r3.b1         3 -1.2887768119185e-05  1.7686523779680e+02  3.2190760113701e+01  2.9775267758963e+00  2.5104774975530e+00
  1.3475615127682e+03  ms.28r3.b1         3  2.5879373895924e-05  2.9427962521538e+01  1.6171933779536e+02  3.1190823126764e+00  2.6351067246256e+00
  1.3971040286717e+03  mo.29r3.b1         4  8.9621904098793e-07  1.7285573268544e+02  3.5317229557251e+01  3.2412919191628e+00  2.7488876457882e+00
  1.4505525445752e+03  mo.30r3.b1         4  8.9621904098793e-07  3.5408136193801e+01  1.9330274374805e+02  3.3534709299002e+00  2.8680752902565e+00
  1.4544585445752e+03  ms.30r3.b1         3  2.5879373895924e-05  3.5340627080702e+01  1.9361999594506e+02  3.3714424238611e+00  2.8712238339397e+00
  1.5040010604787e+03  mo.31r3.b1         4  8.9621904098793e-07  1.7589159623801e+02  3.3579782335269e+01  3.4795760386059e+00  2.9765284230421e+00
  1.5079070604787e+03  ms.31r3.b1         3 -1.2887768119185e-05  1.7574795491804e+02  3.2708014683465e+01  3.4830389998812e+00  2.9957251861879e+00
  1.5613555763821e+03  ms.32r3.b1         3  2.5879373895924e-05  2.9437775062005e+01  1.6050685024139e+02  3.6251859291737e+00  3.1196906608433e+00
  1.6108980922856e+03  mo.33r3.b1         4  8.9621904098793e-07  1.7396875152569e+02  3.4727126835427e+01  3.7468784505571e+00  3.2351737027135e+00
  1.6643466081891e+03  mo.34r3.b1         4  8.9621904098793e-07  3.5442251318120e+01  1.9412399755272e+02  3.8585594096416e+00  3.3552996196629e+00
  1.6682526081891e+03  ms.34l4.b1         3  2.5879373895924e-05  3.5323585020880e+01  1.9457378102624e+02  3.8765265664137e+00  3.3584337842943e+00
  1.7177951240926e+03  mo.33l4.b1         4  8.9621904098793e-07  1.7477622239330e+02  3.4178848894652e+01  3.9851013161261e+00  3.4623506043092e+00
  1.7712436399960e+03  mo.32l4.b1         4  8.9621904098793e-07  2.9543802868055e+01  1.5923907910822e+02  4.1097177526146e+00  3.6003645677913e+00
  1.7751496399960e+03  ms.32l4.b1         3  2.5879373895924e-05  2.9462025768887e+01  1.5981921925255e+02  4.1312860144974e+00  3.6041829363047e+00
  1.8246921558995e+03  mo.31l4.b1         4  8.9621904098793e-07  1.7508511432051e+02  3.4123776754921e+01  4.2524292864669e+00  3.7212213976217e+00
  1.8285981558995e+03  ms.31l4.b1         3 -1.2887768119185e-05  1.7634265133499e+02  3.4800134173066e+01  4.2558943569005e+00  3.7396798597640e+00
  1.8781406718030e+03  mo.30l4.b1         4  8.9621904098793e-07  3.5461951165457e+01  1.9440448246304e+02  4.3636440256132e+00  3.8425602796966e+00
  1.8820466718030e+03  ms.30l4.b1         3  2.5879373895924e-05  3.5292155368001e+01  1.9498988568057e+02  4.3816142003435e+00  3.8456888383231e+00
  1.9315891877064e+03  mo.29l4.b1         4  8.9621904098793e-07  1.7366023791389e+02  3.4781768714063e+01  4.4906619918190e+00  3.9484205562344e+00
  1.9850377036099e+03  mo.28l4.b1         4  8.9621904098793e-07  2.9531351274177e+01  1.5923333030692e+02  4.6158209558181e+00  4.0848147547295e+00
  1.9889437036099e+03  ms.28l4.b1         3  2.5879373895924e-05  2.9500595874314e+01  1.5967789182590e+02  4.6373795981879e+00  4.0886348819414e+00
  2.0423922195134e+03  ms.27l4.b1         3 -1.2887768119185e-05  1.7745629243981e+02  3.4201153277812e+01  4.7613880990455e+00  4.2258068728220e+00
  2.0919347354168e+03  mo.26l4.b1         4  8.9621904098793e-07  3.5467139255781e+01  1.9413545024178e+02  4.8687268566809e+00  4.3298213163082e+00
  2.0958407354168e+03  ms.26l4.b1         3  2.5879373895924e-05  3.5246492048778e+01  1.9485533173327e+02  4.8867073971018e+00  4.3329531231234e+00
  2.1453832513203e+03  mo.25l4.b1         4  8.9621904098793e-07  1.7254910833479e+02  3.5369736911554e+01  4.9962584533464e+00  4.4347276166724e+00
  2.1492892513203e+03  ms.25l4.b1         3 -1.2887768119185e-05  1.7240209810920e+02  3.4464537101011e+01  4.9997885697734e+00  4.4529450461697e+00
  2.1988317672238e+03  mo.24l4.b1         4  8.9621904098793e-07  2.9533433041519e+01  1.5977504168758e+02  5.1219252309364e+00  4.5692911275281e+00
  2.2027377672238e+03  ms.24l4.b1         3  2.5879373895924e-05  2.9553296481171e+01  1.6008727591996e+02  5.1434637604709e+00  4.5730998917139e+00
  2.2561862831273e+03  ms.23l4.b1         3 -1.2887768119185e-05  1.7855891130739e+02  3.3601587557951e+01  5.2668476273128e+00  4.7116879938039e+00
  2.3057287990307e+03  mo.22l4.b1         4  8.9621904098793e-07  3.5457790180419e+01  1.9332529192038e+02  5.3738099860773e+00  4.8170467700094e+00
  2.3096347990307e+03  ms.22l4.b1         3  2.5879373895924e-05  3.5186818699370e+01  1.9417431588013e+02  5.3918082143693e+00  4.8201906323566e+00
  2.3630833149342e+03  ms.21l4.b1         3 -1.2887768119185e-05  1.7163075613572e+02  3.4987975755295e+01  5.5054403002053e+00  4.9391940592011e+00
  2.4165318308377e+03  ms.20l4.b1         3  2.5879373895924e-05  3.0786748614716e+01  1.5998509342131e+02  5.6453297464351e+00  5.0584366067651e+00
  2.4699803467411e+03  ms.19l4.b1         3 -1.2887768119185e-05  1.7679965872675e+02  3.4597723286271e+01  5.7664725701531e+00  5.1942116564131e+00
  2.5234288626446e+03  ms.18l4.b1         3  2.5879373895924e-05  3.5184402943899e+01  1.9351672353645e+02  5.8920644229203e+00  5.3012022800997e+00
  2.5768773785481e+03  ms.17l4.b1         3 -1.2887768119185e-05  1.7158974273857e+02  3.5872001768018e+01  6.0057177241752e+00  5.4186303933032e+00
  2.6303258944515e+03  ms.16l4.b1         3  2.5879373895924e-05  3.0789177400853e+01  1.6122043216264e+02  6.1456225509820e+00  5.5354927119682e+00
  2.6837744103550e+03  ms.15l4.b1         3 -1.2887768119185e-05  1.7684065668641e+02  3.3735652955390e+01  6.2667418199709e+00  5.6728831177215e+00
  2.7372229262585e+03  ms.14l4.b1         3  2.5879373895924e-05  3.5181961134290e+01  1.9172492315176e+02  6.3923206491581e+00  5.7820924368593e+00
  2.7906714421620e+03  ms.13l4.b1         3 -1.2887768119185e-05  1.6980604704902e+02  3.7090185679194e+01  6.5060133892473e+00  5.8984625865243e+00
  2.8441199580654e+03  ms.12l4.b1         3  2.5879373895924e-05  2.4804980803726e+01  1.7277602584607e+02  6.6709384589669e+00  6.0086010042958e+00
  2.8988394739689e+03  ms.11l4.b1         3 -1.2887768119185e-05  1.8214863700363e+02  3.8583460450933e+01  6.8046936399771e+00  6.1384516849383e+00
  3.7707859587874e+03  ms.11r4.b1         3  1.8333887950523e-05  4.6029653889296e+01  9.5761724219159e+01  8.3356550722615e+00  7.2795290466026e+00
  3.8242384746909e+03  ms.12r4.b1         3 -1.1119018794272e-05  9.3354128510308e+01  3.8543409700736e+01  8.4770503006985e+00  7.4666328072909e+00
  3.8776869905943e+03  ms.13r4.b1         3  4.7945543066343e-05  3.6211637520395e+01  3.2188767591828e+02  8.6861899657966e+00  7.5418546495725e+00
  3.9311355064978e+03  ms.14r4.b1         3 -3.3926449280454e-05  3.5472455983280e+02  3.1250770466055e+01  8.7602446379171e+00  7.6362969258496e+00
  3.9845840224013e+03  ms.15r4.b1         3  1.8333887950523e-05  4.6630126396793e+01  9.9049366658153e+01  8.8320561818840e+00  7.8198360730384e+00
  4.0380325383048e+03  ms.16r4.b1         3 -1.1119018794272e-05  9.1888199006049e+01  4.6815776781820e+01  8.9736552539676e+00  7.9738534487873e+00
  4.0914810542082e+03  ms.17r4.b1         3  4.7945543066343e-05  3.6199889084979e+01  3.2190250558508e+02  9.1861562919344e+00  8.0418340201604e+00
  4.1449295701117e+03  ms.18r4.b1         3 -3.3926449280454e-05  3.5470523339844e+02  3.1260264783394e+01  9.2602261071074e+00  8.1362575217783e+00
  4.1983780860152e+03  ms.19r4.b1         3  1.8333887950523e-05  4.6641874256487e+01  9.9034549543524e+01  9.3320300392502e+00  8.3197690256295e+00
  4.2518266019186e+03  ms.20r4.b1         3 -1.1119018794272e-05  9.1907539947122e+01  4.6806281588321e+01  9.4735837272335e+00  8.4738271388630e+00
  4.3052751178221e+03  ms.21r4.b1         3  4.7945543066343e-05  3.6188141801653e+01  3.2191731014671e+02  9.6861226071423e+00  8.5418133916979e+00
  4.3548176337256e+03  mo.22r4.b1         4  8.9621904098793e-07  3.5165332713783e+02  3.6477965148753e+01  9.7584835305196e+00  8.6173842682785e+00
  4.3587236337256e+03  ms.22r4.b1         3 -3.3926449280454e-05  3.5468587795171e+02  3.1269760852522e+01  9.7602075752873e+00  8.6362181296739e+00
  4.4121721496291e+03  ms.23r4.b1         3  1.8333887950523e-05  4.6653620962802e+01  9.9019757535725e+01  9.8320039032000e+00  8.8197019681969e+00
  4.4617146655325e+03  mo.24r4.b1         4  8.9621904098793e-07  9.3554107398170e+01  4.1864064806099e+01  9.9669448702591e+00  8.9594438359034e+00
  4.4656206655325e+03  ms.24r4.b1         3 -1.1119018794272e-05  9.1926909898407e+01  4.6796784644101e+01  9.9735122155611e+00  8.9738008236004e+00
  4.5151631814360e+03  mo.25r4.b1         4  8.9621904098793e-07  3.0382263304617e+01  3.2216388421007e+02  1.0166900709980e+01  9.0399021300482e+00
  4.5190691814360e+03  ms.25r4.b1         3  4.7945543066343e-05  3.6176395673000e+01  3.2193208959983e+02  1.0186088911414e+01  9.0417927641832e+00
  4.5686116973395e+03  mo.26r4.b1         4  8.9621904098793e-07  3.5163134018908e+02  3.6488108282559e+01  1.0258464896668e+01  9.1173503910116e+00
  4.5725176973395e+03  ms.26r4.b1         3 -3.3926449280454e-05  3.5466649349694e+02  3.1279258671299e+01  1.0260189042455e+01  9.1361787495315e+00
  4.6259662132429e+03  ms.27r4.b1         3  1.8333887950523e-05  4.6665366513145e+01  9.9004990638091e+01  1.0331977773729e+01  9.3196349007547e+00
  4.6755087291464e+03  mo.28r4.b1         4  8.9621904098793e-07  9.3576108591993e+01  4.1853921369492e+01  1.0466874839333e+01  9.4594143094988e+00
  4.6794147291464e+03  ms.28r4.b1         3 -1.1119018794272e-05  9.1946308855621e+01  4.6787285951301e+01  1.0473440718967e+01  9.4737745029964e+00
  4.7289572450499e+03  mo.29r4.b1         4  8.9621904098793e-07  3.0371427722442e+01  3.2217627964731e+02  1.0666860432736e+01  9.5398815831761e+00
  4.7328632450499e+03  ms.29r4.b1         3  4.7945543066343e-05  3.6164650701616e+01  3.2194684394115e+02  1.0686055204744e+01  9.5417721376146e+00
  4.7824057609533e+03  mo.30r4.b1         4  8.9621904098793e-07  3.5160932475139e+02  3.6498252021396e+01  1.0758446261651e+01  9.6173165231611e+00
  4.8358542768568e+03  mo.31r4.b1         4  8.9621904098793e-07  5.2762561515861e+01  9.7435928167229e+01  1.0819150240399e+01  9.8133666772693e+00
  4.8397602768568e+03  ms.31r4.b1         3  1.8333887950523e-05  4.6677110904922e+01  9.8990248853946e+01  1.0831951650834e+01  9.8195678233170e+00
  4.8893027927603e+03  mo.32r4.b1         4  8.9621904098793e-07  9.3598138272339e+01  4.1843777328999e+01  1.0966804824881e+01  9.9593847759372e+00
  4.8932087927603e+03  ms.32r4.b1         3 -1.1119018794272e-05  9.1965736814487e+01  4.6777785512059e+01  1.0973369237466e+01  9.9737481770478e+00
  4.9427513086638e+03  mo.33r4.b1         4  8.9621904098793e-07  3.0360594611513e+01  3.2218864976832e+02  1.1166820141121e+01  1.0039861037094e+01
  4.9466573086637e+03  ms.33r4.b1         3  4.7945543066343e-05  3.6152906890093e+01  3.2196157316730e+02  1.1186021487126e+01  1.0041751511991e+01
  4.9961998245672e+03  mo.34r4.b1         4  8.9621904098793e-07  3.5158728082971e+02  3.6508396362950e+01  1.1258427625466e+01  1.0117282664722e+01
  5.0496483404707e+03  mo.33l5.b1         4  8.9621904098793e-07  5.2773393390254e+01  9.7423570705423e+01  1.1319127054072e+01  1.0313298735109e+01
  5.0535543404707e+03  ms.33l5.b1         3  1.8333887950523e-05  4.6688854135521e+01  9.8975532186668e+01  1.1331925534511e+01  1.0319500735898e+01
  5.1030968563742e+03  mo.32l5.b1         4  8.9621904098793e-07  9.3620196434287e+01  4.1833632686923e+01  1.1466734826916e+01  1.0459355235215e+01
  5.1565453722776e+03  mo.31l5.b1         4  8.9621904098793e-07  3.0349763974247e+01  3.2220099457023e+02  1.1666779835128e+01  1.0539840491799e+01
  5.1604513722776e+03  ms.31l5.b1         3  4.7945543066343e-05  3.6141164241056e+01  3.2197627727489e+02  1.1685987758555e+01  1.0541730887309e+01
  5.2099938881811e+03  mo.30l5.b1         4  8.9621904098793e-07  3.5156520842871e+02  3.6518541304985e+01  1.1758408988112e+01  1.0617248815690e+01
  5.2138998881811e+03  ms.30l5.b1         3 -3.3926449280454e-05  3.5460816612710e+02  3.1307762604100e+01  1.1760133437870e+01  1.0636060680826e+01
  5.2634424040846e+03  mo.29l5.b1         4  8.9621904098793e-07  5.2784222789829e+01  9.7411238563978e+01  1.1819103872502e+01  1.0813230784339e+01
  5.2673484040846e+03  ms.29l5.b1         3  1.8333887950523e-05  4.6700596202385e+01  9.8960840639468e+01  1.1831899424755e+01  1.0819433638511e+01
  5.3168909199880e+03  mo.28l5.b1         4  8.9621904098793e-07  9.3642283073072e+01  4.1823487445517e+01  1.1966664845453e+01  1.0959325687328e+01
  5.3742454358915e+03  ms.27l5.b1         3  4.7945543066343e-05  3.6129422757044e+01  3.2199095626077e+02  1.2185954019023e+01  1.1041710263569e+01
  5.4237879517950e+03  mo.26l5.b1         4  8.9621904098793e-07  3.5154310755336e+02  3.6528686845191e+01  1.2258390349587e+01  1.1117214976061e+01
  5.4276939517950e+03  ms.26l5.b1         3 -3.3926449280454e-05  3.5458866568291e+02  3.1317267400071e+01  1.2260114900973e+01  1.1136021348480e+01
  5.4772364676985e+03  mo.25l5.b1         4  8.9621904098793e-07  5.2795049712173e+01  9.7398931745719e+01  1.2319080695688e+01  1.1313162824975e+01
  5.4811424676985e+03  ms.25l5.b1         3  1.8333887950523e-05  4.6712337102902e+01  9.8946174215710e+01  1.2331873321562e+01  1.1319366531171e+01
  5.5306849836019e+03  mo.24l5.b1         4  8.9621904098793e-07  9.3664398183768e+01  4.1813341607080e+01  1.2466594880504e+01  1.1459296132272e+01
  5.5345909836019e+03  ms.24l5.b1         3 -1.1119018794272e-05  9.2024194657964e+01  4.6749273737135e+01  1.2473154883691e+01  1.1473669167103e+01
  5.5880394995054e+03  ms.23l5.b1         3  4.7945543066343e-05  3.6117682440670e+01  3.2200561012158e+02  1.2685920268525e+01  1.1541689640768e+01
  5.6375820154089e+03  mo.22l5.b1         4  8.9621904098793e-07  3.5152097820855e+02  3.6538832981286e+01  1.2758371709890e+01  1.1617181145829e+01
  5.6414880154089e+03  ms.22l5.b1         3 -3.3926449280454e-05  3.5456913625211e+02  3.1326773934986e+01  1.2760096363056e+01  1.1635982028072e+01
  5.6949365313123e+03  ms.21l5.b1         3  1.8333887950523e-05  4.6724076834480e+01  9.8931532918697e+01  1.2831847224930e+01  1.1819299413892e+01
  5.7483850472158e+03  ms.20l5.b1         3 -1.1119018794272e-05  9.2043738580451e+01  4.6739766333548e+01  1.2973083462729e+01  1.1973642819744e+01
  5.8018335631193e+03  ms.19l5.b1         3  4.7945543066343e-05  3.6105943294535e+01  3.2202023885397e+02  1.3185886507055e+01  1.2041669018905e+01
  5.8552820790228e+03  ms.18l5.b1         3 -3.3926449280454e-05  3.5454957783903e+02  3.1336282206704e+01  1.3260077824117e+01  1.2135942719595e+01
  5.9087305949262e+03  ms.17l5.b1         3  1.8333887950523e-05  4.6735815394528e+01  9.8916916751722e+01  1.3331821134853e+01  1.2319232286687e+01
  5.9621791108297e+03  ms.16l5.b1         3 -1.1119018794272e-05  9.2063311483065e+01  4.6730257194234e+01  1.3473012056941e+01  1.2473616467025e+01
  6.0156276267332e+03  ms.15l5.b1         3  4.7945543066343e-05  3.6094205321221e+01  3.2203484245470e+02  1.3685852734607e+01  1.2541648397978e+01
  6.0690761426366e+03  ms.14l5.b1         3 -3.3926449280454e-05  3.5452999044796e+02  3.1345792213083e+01  1.3760059284155e+01  1.2635903423045e+01
  6.1225246585401e+03  ms.13l5.b1         3  1.8333887950523e-05  4.6645203024519e+01  9.9096933753550e+01  1.3831809096834e+01  1.2819159050883e+01
  6.1759731744436e+03  ms.12l5.b1         3 -1.1119018794272e-05  9.1195047043027e+01  4.7662883170707e+01  1.3974418143510e+01  1.2970763266534e+01
  6.2306926903470e+03  ms.11l5.b1         3  4.7945543066343e-05  4.0828120947543e+01  3.0622163868627e+02  1.4186458540884e+01  1.3039004669532e+01
  7.1035090903460e+03  ms.11r5.b1         3 -3.1420287031072e-05  3.7002915043336e+02  2.9868549563956e+01  1.6253527518788e+01  1.5110008316919e+01
  7.1569645744426e+03  ms.12r5.b1         3  1.8333887950523e-05  4.1228454367561e+01  9.7551295041766e+01  1.6328750542541e+01  1.5304487083410e+01
  7.2104160585391e+03  ms.13r5.b1         3 -1.1119018794272e-05  8.6015846370610e+01  4.7343615484612e+01  1.6491787553760e+01  1.5458879228871e+01
  7.2638675426356e+03  ms.14r5.b1         3  5.9267153895228e-05  4.2003706573011e+01  3.2588204404773e+02  1.6683220905391e+01  1.5526018633780e+01
  7.3173190267322e+03  ms.15r5.b1         3 -3.1420287031072e-05  3.6053410691098e+02  3.1273742772792e+01  1.6751025878134e+01  1.5619768749721e+01
  7.3707705108287e+03  ms.16r5.b1         3  1.8333887950523e-05  4.0809340492216e+01  9.8072798499307e+01  1.6827525754204e+01  1.5804997220983e+01
  7.4242219949252e+03  ms.17r5.b1         3 -1.1119018794272e-05  8.6016018241561e+01  4.7343175083171e+01  1.6991784817937e+01  1.5958878047872e+01
  7.4776734790218e+03  ms.18r5.b1         3  5.9267153895228e-05  4.2003277336923e+01  3.2588274167292e+02  1.7183219866407e+01  1.6026017708548e+01
  7.5311249631183e+03  ms.19r5.b1         3 -3.1420287031072e-05  3.6053393502060e+02  3.1274183176095e+01  1.7251025225423e+01  1.6119766961893e+01
  7.5845764472148e+03  ms.20r5.b1         3  1.8333887950523e-05  4.0809769728388e+01  9.8072100900570e+01  1.7327524684823e+01  1.6304994146555e+01
  7.6380279313113e+03  ms.21r5.b1         3 -1.1119018794272e-05  8.6016190151344e+01  4.7342734678005e+01  1.7491782082119e+01  1.6458876866863e+01
  7.6875734154079e+03  mo.22r5.b1         4  8.9621904098793e-07  3.5927421921085e+01  3.2615499954464e+02  1.7666853770367e+01  1.6524149179976e+01
  7.6914794154079e+03  ms.22r5.b1         3  5.9267153895228e-05  4.2002848100666e+01  3.2588343924522e+02  1.7683218827412e+01  1.6526016783318e+01
  7.7449308995044e+03  ms.23r5.b1         3 -3.1420287031072e-05  3.6053376309140e+02  3.1274623583132e+01  1.7751024572712e+01  1.6619765174091e+01
  7.7944763836009e+03  mo.24r5.b1         4  8.9621904098793e-07  4.7178227903648e+01  9.6464347887501e+01  1.7813040942676e+01  1.6798729617047e+01
  7.7983823836009e+03  ms.24r5.b1         3  1.8333887950523e-05  4.0810198964727e+01  9.8071403354729e+01  1.7827523615452e+01  1.6804991072105e+01
  7.8479278676975e+03  mo.25r5.b1         4  8.9621904098793e-07  8.6319559473579e+01  4.2299219034608e+01  1.7984711013461e+01  1.6944675684349e+01
  7.8518338676975e+03  ms.25r5.b1         3 -1.1119018794272e-05  8.6016362099973e+01  4.7342294269096e+01  1.7991779346306e+01  1.6958875685843e+01
  7.9013793517940e+03  mo.26r5.b1         4  8.9621904098793e-07  3.5927001569434e+01  3.2615558757679e+02  1.8166852551370e+01  1.7024148258431e+01
  7.9052853517940e+03  ms.26r5.b1         3  5.9267153895228e-05  4.2002418864245e+01  3.2588413676460e+02  1.8183217788406e+01  1.7026015858091e+01
  7.9587368358905e+03  ms.27r5.b1         3 -3.1420287031072e-05  3.6053359112336e+02  3.1275063993899e+01  1.8251023920001e+01  1.7119763386313e+01
  8.0082823199870e+03  mo.28r5.b1         4  8.9621904098793e-07  4.7178648254501e+01  9.6463759882015e+01  1.8313040014388e+01  1.7298726501204e+01
  8.0121883199870e+03  ms.28r5.b1         3  1.8333887950523e-05  4.0810628201232e+01  9.8070705861793e+01  1.8327522546094e+01  1.7304987997633e+01
  8.0617338040836e+03  mo.29r5.b1         4  8.9621904098793e-07  8.6319831055451e+01  4.2298748137163e+01  1.8484708295852e+01  1.7444674357840e+01
  8.1151852881801e+03  mo.30r5.b1         4  8.9621904098793e-07  3.5926581219379e+01  3.2615617555561e+02  1.8666851332359e+01  1.7524147336888e+01
  8.1190912881801e+03  ms.30r5.b1         3  5.9267153895228e-05  4.2001989627654e+01  3.2588483423109e+02  1.8683216749390e+01  1.7526014932865e+01
  8.1686367722766e+03  mo.31r5.b1         4  8.9621904098793e-07  3.5882358383503e+02  3.6596366518815e+01  1.8749330433595e+01  1.7600960106226e+01
  8.1725427722766e+03  ms.31r5.b1         3 -3.1420287031072e-05  3.6053341911649e+02  3.1275504408394e+01  1.8751023267289e+01  1.7619761598561e+01
  8.2220882563732e+03  mo.32r5.b1         4  8.9621904098793e-07  4.7179068603768e+01  9.6463171929868e+01  1.8813039086109e+01  1.7798723385342e+01
  8.2259942563732e+03  ms.32r5.b1         3  1.8333887950523e-05  4.0811057437907e+01  9.8070008421752e+01  1.8827521476746e+01  1.7804984923140e+01
  8.2755397404697e+03  mo.33r5.b1         4  8.9621904098793e-07  8.6320102675875e+01  4.2298277238396e+01  1.8984705578251e+01  1.7944673031316e+01
  8.3289912245662e+03  mo.34r5.b1         4  8.9621904098793e-07  3.5926160870907e+01  3.2615676348100e+02  1.9166850113333e+01  1.8024146415346e+01
  8.3328972245662e+03  ms.34l6.b1         3  5.9267153895228e-05  4.2001560390915e+01  3.2588553164450e+02  1.9183215710363e+01  1.8026014007641e+01
  8.3824427086628e+03  mo.33l6.b1         4  8.9621904098793e-07  3.5882331219524e+02  3.6596837418253e+01  1.9249329779839e+01  1.8100958573024e+01
  8.4358941927593e+03  mo.32l6.b1         4  8.9621904098793e-07  4.7179488951419e+01  9.6462584031080e+01  1.9313038157837e+01  1.8298720269460e+01
  8.4398001927593e+03  ms.32l6.b1         3  1.8333887950523e-05  4.0811486674742e+01  9.8069311034630e+01  1.9327520407410e+01  1.8304981848624e+01
  8.4893456768558e+03  mo.31l6.b1         4  8.9621904098793e-07  8.6320374334868e+01  4.2297806338279e+01  1.9484702860659e+01  1.8444671704777e+01
  8.4932516768558e+03  ms.31l6.b1         3 -1.1119018794272e-05  8.6016878178867e+01  4.7340973019992e+01  1.9491771138902e+01  1.8458872142717e+01
  8.5427971609523e+03  mo.30l6.b1         4  8.9621904098793e-07  3.5925740524037e+01  3.2615735135312e+02  1.9666848894293e+01  1.8524145493805e+01
  8.5467031609523e+03  ms.30l6.b1         3  5.9267153895228e-05  4.2001131153959e+01  3.2588622900527e+02  1.9683214671325e+01  1.8526013082420e+01
  8.5962486450489e+03  mo.29l6.b1         4  8.9621904098793e-07  3.5882304051700e+02  3.6597308319005e+01  1.9749329126081e+01  1.8600957039841e+01
  8.6497001291454e+03  mo.28l6.b1         4  8.9621904098793e-07  4.7179909297502e+01  9.6461996185603e+01  1.9813037229574e+01  1.8798717153560e+01
  8.6536061291454e+03  ms.28l6.b1         3  1.8333887950523e-05  4.0811915911754e+01  9.8068613700393e+01  1.9827519338085e+01  1.8804978774087e+01
  8.7070576132419e+03  ms.27l6.b1         3 -1.1119018794272e-05  8.6017050282839e+01  4.7340532596162e+01  1.9991768403112e+01  1.8958870961653e+01
  8.7566030973385e+03  mo.26l6.b1         4  8.9621904098793e-07  3.5925320178756e+01  3.2615793917193e+02  2.0166847675238e+01  1.9024144572267e+01
  8.7605090973385e+03  ms.26l6.b1         3  5.9267153895228e-05  4.2000701916865e+01  3.2588692631304e+02  2.0183213632277e+01  1.9026012157200e+01
  8.8100545814350e+03  mo.25l6.b1         4  8.9621904098793e-07  3.5882276880017e+02  3.6597779221089e+01  2.0249328472324e+01  1.9100955506678e+01
  8.8139605814350e+03  ms.25l6.b1         3 -3.1420287031072e-05  3.6053290286273e+02  3.1276825674276e+01  2.0251021309153e+01  1.9119756235455e+01
  8.8635060655315e+03  mo.24l6.b1         4  8.9621904098793e-07  4.7180329641986e+01  9.6461408393474e+01  2.0313036301319e+01  1.9298714037642e+01
  8.8674120655315e+03  ms.24l6.b1         3  1.8333887950523e-05  4.0812345148936e+01  9.8067916419068e+01  2.0327518268771e+01  1.9304975699528e+01
  8.9208635496281e+03  ms.23l6.b1         3 -1.1119018794272e-05  8.6017222425636e+01  4.7340092168612e+01  2.0491765667327e+01  1.9458869780578e+01
  8.9704090337246e+03  mo.22l6.b1         4  8.9621904098793e-07  3.5924899835065e+01  3.2615852693737e+02  2.0666846456170e+01  1.9524143650730e+01
  8.9743150337246e+03  ms.22l6.b1         3  5.9267153895228e-05  4.2000272679604e+01  3.2588762356790e+02  2.0683212593218e+01  1.9526011231982e+01
  9.0277665178211e+03  ms.21l6.b1         3 -3.1420287031072e-05  3.6053273070053e+02  3.1277266103697e+01  2.0751020656440e+01  1.9619754447803e+01
  9.0812180019176e+03  ms.20l6.b1         3  1.8333887950523e-05  4.0812774386287e+01  9.8067219190626e+01  2.0827517199468e+01  1.9804972624946e+01
  9.1346694860142e+03  ms.19l6.b1         3 -1.1119018794272e-05  8.6017394607273e+01  4.7339651737326e+01  2.0991762931547e+01  1.9958868599491e+01
  9.1881209701107e+03  ms.18l6.b1         3  5.9267153895228e-05  4.1999843442167e+01  3.2588832076989e+02  2.1183211554149e+01  2.0026010306766e+01
  9.2415724542072e+03  ms.17l6.b1         3 -3.1420287031072e-05  3.6053255849948e+02  3.1277706536846e+01  2.1251020003727e+01  2.0119752660176e+01
  9.2950239383038e+03  ms.16l6.b1         3  1.8333887950523e-05  4.0813203623807e+01  9.8066522015096e+01  2.1327516130177e+01  2.0304969550343e+01
  9.3484754224003e+03  ms.15l6.b1         3 -1.1119018794272e-05  8.6017566827746e+01  4.7339211302312e+01  2.1491760195773e+01  2.0458867418394e+01
  9.4019269064968e+03  ms.14l6.b1         3  5.9267153895228e-05  4.1999414204562e+01  3.2588901791899e+02  2.1683210515069e+01  2.0526009381553e+01
  9.4553783905933e+03  ms.13l6.b1         3 -3.1420287031072e-05  3.6109256861655e+02  3.1223653994650e+01  2.1751018037649e+01  2.0619767344768e+01
  9.5088298746899e+03  ms.12l6.b1         3  1.8333887950523e-05  4.3833956925508e+01  9.6691732198440e+01  2.1824926356349e+01  2.0806090087433e+01
  9.5635523587864e+03  ms.11l6.b1         3 -1.1119018794272e-05  8.7578253749866e+01  4.6601171858342e+01  2.1974739138724e+01  2.0979286145905e+01
  1.0435514673968e+04  ms.11r6.b1         3  2.5879373895924e-05  3.2618042076075e+01  1.8776550389057e+02  2.3671691047993e+01  2.2423562346310e+01
  1.0488970158064e+04  ms.12r6.b1         3 -1.2887768119185e-05  1.7121441994167e+02  3.1870833658979e+01  2.3790573284612e+01  2.2552931450429e+01
  1.0542421642161e+04  ms.13r6.b1         3  2.5879373895924e-05  2.9560150281880e+01  1.6809611857560e+02  2.3934865305945e+01  2.2675383201990e+01
  1.0595873126257e+04  ms.14r6.b1         3 -1.2887768119185e-05  1.8133703328456e+02  3.3941653680652e+01  2.4056877054631e+01  2.2808788055500e+01
  1.0649324610354e+04  ms.15r6.b1         3  2.5879373895924e-05  3.3265776002162e+01  1.8613401095689e+02  2.4185603796161e+01  2.2919024172201e+01
  1.0702776094451e+04  ms.16r6.b1         3 -1.2887768119185e-05  1.7442671398992e+02  2.7257013263530e+01  2.4301762655555e+01  2.3063567322116e+01
  1.0756227578547e+04  ms.17r6.b1         3  2.5879373895924e-05  2.9651846051221e+01  1.7276812473340e+02  2.4444489595640e+01  2.3196067049321e+01
  1.0809679062644e+04  ms.18r6.b1         3 -1.2887768119185e-05  1.8255696820008e+02  3.4139011973002e+01  2.4565753598014e+01  2.3326587124606e+01
  1.0863130546740e+04  ms.19r6.b1         3  2.5879373895924e-05  3.3162314720749e+01  1.8125331313414e+02  2.4694181522362e+01  2.3438207103251e+01
  1.0916582030837e+04  ms.20r6.b1         3 -1.2887768119185e-05  1.7323324793389e+02  2.7167108808870e+01  2.4811054154122e+01  2.3585859045950e+01
  1.0970033514933e+04  ms.21r6.b1         3  2.5879373895924e-05  2.9766736016108e+01  1.7778130820395e+02  2.4954080389536e+01  2.3716176494418e+01
  1.1019578999030e+04  mo.22r6.b1         4  8.9621904098793e-07  1.8288145557243e+02  3.4219473906409e+01  2.5071250966075e+01  2.3825721841733e+01
  1.1023484999030e+04  ms.22r6.b1         3 -1.2887768119185e-05  1.8406143549697e+02  3.4054218055155e+01  2.5074569243924e+01  2.3844357473244e+01
  1.1076936483126e+04  ms.23r6.b1         3  2.5879373895924e-05  3.4456487876812e+01  1.7512984156232e+02  2.5199059280493e+01  2.3958648956475e+01
  1.1126481967223e+04  mo.24r6.b1         4  8.9621904098793e-07  1.7111402902614e+02  2.8724848284482e+01  2.5310675651071e+01  2.4081733624579e+01
  1.1130387967223e+04  ms.24r6.b1         3 -1.2887768119185e-05  1.7106793186386e+02  2.8720075780414e+01  2.5314234066043e+01  2.4103903185575e+01
  1.1179933451319e+04  mo.25r6.b1         4  8.9621904098793e-07  2.9648073324496e+01  1.7899595042564e+02  2.5436679489340e+01  2.4225322038780e+01
  1.1183839451319e+04  ms.25r6.b1         3  2.5879373895924e-05  2.9833066143935e+01  1.8023254149451e+02  2.5458089972490e+01  2.4228710877556e+01
  1.1233384935416e+04  mo.26r6.b1         4  8.9621904098793e-07  1.8352646169222e+02  3.4213657041597e+01  2.5574847248936e+01  2.4337376077316e+01
  1.1237290935416e+04  ms.26r6.b1         3 -1.2887768119185e-05  1.8469558595860e+02  3.3938009462027e+01  2.5578153997418e+01  2.4356045328113e+01
  1.1290742419512e+04  ms.27r6.b1         3  2.5879373895924e-05  3.4387615084930e+01  1.7271118538079e+02  2.5702530369200e+01  2.4471550718359e+01
  1.1340287903609e+04  mo.28r6.b1         4  8.9621904098793e-07  1.7047584915933e+02  2.8765707288486e+01  2.5814533270236e+01  2.4595611279784e+01
  1.1344193903609e+04  ms.28r6.b1         3 -1.2887768119185e-05  1.7044127596972e+02  2.8869597168077e+01  2.5818104889474e+01  2.4617707171598e+01
  1.1393739387705e+04  mo.29r6.b1         4  8.9621904098793e-07  2.9691239001010e+01  1.8138688907888e+02  2.5940721194575e+01  2.4737733822269e+01
  1.1397645387705e+04  ms.29r6.b1         3  2.5879373895924e-05  2.9904443723081e+01  1.8260317916793e+02  2.5962090310929e+01  2.4741078321862e+01
  1.1447190871802e+04  mo.30r6.b1         4  8.9621904098793e-07  1.8415746433721e+02  3.4138016754075e+01  2.6078431048883e+01  2.4849044233708e+01
  1.1500642355898e+04  mo.31r6.b1         4  8.9621904098793e-07  3.4772416018969e+01  1.7046776320250e+02  2.6187589026326e+01  2.4981059222512e+01
  1.1504548355898e+04  ms.31r6.b1         3  2.5879373895924e-05  3.4313771972825e+01  1.7040370105055e+02  2.6206008669941e+01  2.4984630569939e+01
  1.1554093839995e+04  mo.32r6.b1         4  8.9621904098793e-07  1.6985237075787e+02  2.8875645950099e+01  2.6318405192851e+01  2.5109452558949e+01
  1.1557999839995e+04  ms.32r6.b1         3 -1.2887768119185e-05  1.6983063879300e+02  2.9082673797600e+01  2.6321989790457e+01  2.5131424619725e+01
  1.1607545324092e+04  mo.33r6.b1         4  8.9621904098793e-07  2.9740018783091e+01  1.8365332063773e+02  2.6444756645883e+01  2.5249986900639e+01
  1.1611451324092e+04  ms.33r6.b1         3  2.5879373895924e-05  2.9980711757916e+01  1.8483277850908e+02  2.6466080784933e+01  2.5253290585375e+01
  1.1660996808188e+04  mo.34r6.b1         4  8.9621904098793e-07  1.8477307561133e+02  3.3994481598528e+01  2.6582002736869e+01  2.5360750011957e+01
  1.1714448292285e+04  mo.33l7.b1         4  8.9621904098793e-07  3.4720868655592e+01  1.6828551204765e+02  2.6691040079605e+01  2.5494265256545e+01
  1.1718354292285e+04  ms.33l7.b1         3  2.5879373895924e-05  3.4235120959093e+01  1.6826622110414e+02  2.6709494710041e+01  2.5497882450953e+01
  1.1767899776381e+04  mo.32l7.b1         4  8.9621904098793e-07  1.6924496516824e+02  2.9051861229740e+01  2.6822291172597e+01  2.5623225331248e+01
  1.1821351260478e+04  mo.31l7.b1         4  8.9621904098793e-07  2.9794305379158e+01  1.8573745926735e+02  2.6948785109803e+01  2.5762095344558e+01
  1.1825257260478e+04  ms.31l7.b1         3  2.5879373895924e-05  3.0061702496204e+01  1.8686449277187e+02  2.6970060805587e+01  2.5765362529033e+01
  1.1874802744574e+04  mo.30l7.b1         4  8.9621904098793e-07  1.8537194147209e+02  3.3786711203990e+01  2.7085562703589e+01  2.5872516600215e+01
  1.1878708744574e+04  ms.30l7.b1         3 -1.2887768119185e-05  1.8650062709511e+02  3.3215462910567e+01  2.7088836985048e+01  2.5891508194752e+01
  1.1928254228671e+04  mo.29l7.b1         4  8.9621904098793e-07  3.4663872681896e+01  1.6631279168582e+02  2.7194496532668e+01  2.6007635619661e+01
  1.1932160228671e+04  ms.29l7.b1         3  2.5879373895924e-05  3.4151835037328e+01  1.6635324357525e+02  2.7212989006528e+01  2.6011295072049e+01
  1.1981705712767e+04  mo.28l7.b1         4  8.9621904098793e-07  1.6865496838440e+02  2.9289860273003e+01  2.7326190925373e+01  2.6136900128101e+01
  1.2039063196864e+04  ms.27l7.b1         3  2.5879373895924e-05  3.0147237798103e+01  1.8864652056629e+02  2.7474029816398e+01  2.6277311592237e+01
  1.2088608680960e+04  mo.26l7.b1         4  8.9621904098793e-07  1.8595274470860e+02  3.3520002966578e+01  2.7589111358396e+01  2.6384366327531e+01
  1.2092514680960e+04  ms.26l7.b1         3 -1.2887768119185e-05  1.8706542572943e+02  3.2870460606547e+01  2.7592375582057e+01  2.6403533976215e+01
  1.2142060165057e+04  mo.25l7.b1         4  8.9621904098793e-07  3.4601553461051e+01  1.6459989937505e+02  2.7697958940917e+01  2.6521155201372e+01
  1.2145966165057e+04  ms.25l7.b1         3  2.5879373895924e-05  3.4064097395680e+01  1.6471354249502e+02  2.7716492065248e+01  2.6524851915875e+01
  1.2195511649153e+04  mo.24l7.b1         4  8.9621904098793e-07  1.6808367810963e+02  2.9583574962204e+01  2.7830104129326e+01  2.6650451176756e+01
  1.2199417649153e+04  ms.24l7.b1         3 -1.2887768119185e-05  1.6810807677977e+02  3.0041674996770e+01  2.7833725958344e+01  2.6671805699139e+01
  1.2252869133250e+04  ms.23l7.b1         3  2.5879373895924e-05  3.0237129527931e+01  1.9013342660740e+02  2.7977987294557e+01  2.6789157299165e+01
  1.2302414617346e+04  mo.22l7.b1         4  8.9621904098793e-07  1.8651420783888e+02  3.3201156984932e+01  2.8092649128230e+01  2.6896320287574e+01
  1.2306320617346e+04  ms.22l7.b1         3 -1.2887768119185e-05  1.8760967811354e+02  3.2487005948741e+01  2.8095903702671e+01  2.6915694097490e+01
  1.2359772101443e+04  ms.21l7.b1         3  2.5879373895924e-05  3.4053141560305e+01  1.6301651405215e+02  2.8219982165470e+01  2.7038535742242e+01
  1.2413223585539e+04  ms.20l7.b1         3 -1.2887768119185e-05  1.6898085998435e+02  2.9133175358035e+01  2.8336736017077e+01  2.7190129749420e+01
  1.2466675069636e+04  ms.19l7.b1         3  2.5879373895924e-05  2.9120681885735e+01  1.9449338165036e+02  2.8484590045367e+01  2.7307902308320e+01
  1.2520126553733e+04  ms.18l7.b1         3 -1.2887768119185e-05  1.8932955758684e+02  3.1766097240536e+01  2.8604472782339e+01  2.7434559422797e+01
  1.2573578037829e+04  ms.17l7.b1         3  2.5879373895924e-05  3.3818578394678e+01  1.6065181453386e+02  2.8728377312463e+01  2.7560323750110e+01
  1.2627029521926e+04  ms.16l7.b1         3 -1.2887768119185e-05  1.6732722774068e+02  2.9895193861892e+01  2.8846341579201e+01  2.7710674258595e+01
  1.2680481006022e+04  ms.15l7.b1         3  2.5879373895924e-05  2.9370539525484e+01  1.9632968725085e+02  2.8994333157919e+01  2.7825928429979e+01
  1.2733932490119e+04  ms.14l7.b1         3 -1.2887768119185e-05  1.9091155903496e+02  3.0974866910802e+01  2.9112967365149e+01  2.7953881969221e+01
  1.2787383974215e+04  ms.13l7.b1         3  2.5879373895924e-05  3.3529684218354e+01  1.5948408120236e+02  2.9236841608957e+01  2.8082359683594e+01
  1.2840835458312e+04  ms.12l7.b1         3 -1.2887768119185e-05  1.6479428351397e+02  3.1229048595292e+01  2.9356334162553e+01  2.8229112394197e+01
  1.2895557942408e+04  ms.11l7.b1         3  2.5879373895924e-05  2.9500257493307e+01  1.9084820329439e+02  2.9518765978235e+01  2.8341511249820e+01
  1.3768382257590e+04  ms.11r7.b1         3 -1.2887768119185e-05  1.6311671709518e+02  3.4862789535263e+01  3.1427712563296e+01  2.9815683953335e+01
  1.3821837741686e+04  ms.12r7.b1         3  2.5879373895924e-05  3.2758619582798e+01  1.7926553263810e+02  3.1566982153106e+01  2.9926862509435e+01
  1.3875289225783e+04  ms.13r7.b1         3 -1.2887768119185e-05  1.9134607202538e+02  2.8658647444274e+01  3.1677921806961e+01  3.0070001827679e+01
  1.3928740709879e+04  ms.14r7.b1         3  2.5879373895924e-05  3.1171575156624e+01  1.7592079468958e+02  3.1807596212318e+01  3.0196748381062e+01
  1.3982192193976e+04  ms.15r7.b1         3 -1.2887768119185e-05  1.6528129155961e+02  3.2387299024763e+01  3.1932704795922e+01  3.0330275290476e+01
  1.4035643678072e+04  ms.16r7.b1         3  2.5879373895924e-05  3.1868042389088e+01  1.7757165094653e+02  3.2073637193214e+01  3.0446975076227e+01
  1.4089095162169e+04  ms.17r7.b1         3 -1.2887768119185e-05  1.9127437082829e+02  2.8673207607463e+01  3.2186363443454e+01  3.0591156052645e+01
  1.4142546646265e+04  ms.18r7.b1         3  2.5879373895924e-05  3.0913433695847e+01  1.7863044029363e+02  3.2316774695529e+01  3.0716628196776e+01
  1.4195998130362e+04  ms.19r7.b1         3 -1.2887768119185e-05  1.6543761583797e+02  3.2314747950332e+01  3.2442472778237e+01  3.0849007933303e+01
  1.4249449614459e+04  ms.20r7.b1         3  2.5879373895924e-05  3.2123076025350e+01  1.7487853701931e+02  3.2582541979762e+01  3.0966974026285e+01
  1.4302901098555e+04  ms.21r7.b1         3 -1.2887768119185e-05  1.9103393239806e+02  2.8802616798477e+01  3.2694811980212e+01  3.1112257029114e+01
  1.4352446582652e+04  mo.22r7.b1         4  8.9621904098793e-07  3.1304231992071e+01  1.8045161891330e+02  3.2805481334627e+01  3.1232845741709e+01
  1.4356352582652e+04  ms.22r7.b1         3  2.5879373895924e-05  3.0589235857582e+01  1.8167794207246e+02  3.2826053838979e+01  3.1236207427341e+01
  1.4409804066748e+04  ms.23r7.b1         3 -1.2887768119185e-05  1.6458378659209e+02  3.3835653274979e+01  3.2953171994138e+01  3.1363135875621e+01
  1.4459349550845e+04  mo.24r7.b1         4  8.9621904098793e-07  3.3243072336865e+01  1.7137768255638e+02  3.3069980222884e+01  3.1475885176445e+01
  1.4463255550845e+04  ms.24r7.b1         3  2.5879373895924e-05  3.3718812273016e+01  1.7130031611163e+02  3.3088987023924e+01  3.1479437693288e+01
  1.4512801034941e+04  mo.25r7.b1         4  8.9621904098793e-07  1.9040167712199e+02  2.8824070032501e+01  3.3195079892551e+01  3.1603985418301e+01
  1.4516707034941e+04  ms.25r7.b1         3 -1.2887768119185e-05  1.9068780056166e+02  2.8991086000410e+01  3.3198274958688e+01  3.1626012187679e+01
  1.4566252519038e+04  mo.26r7.b1         4  8.9621904098793e-07  3.1184869718949e+01  1.8277439778046e+02  3.3309319281455e+01  3.1745160156716e+01
  1.4570158519038e+04  ms.26r7.b1         3  2.5879373895924e-05  3.0485509461402e+01  1.8397034570280e+02  3.3329966574754e+01  3.1748479530727e+01
  1.4623610003134e+04  ms.27r7.b1         3 -1.2887768119185e-05  1.6494427440591e+02  3.3616254957412e+01  3.3457183579846e+01  3.1874917571226e+01
  1.4673155487231e+04  mo.28r7.b1         4  8.9621904098793e-07  3.3361302695548e+01  1.6912766360835e+02  3.3573580992439e+01  3.1989023117887e+01
  1.4677061487231e+04  ms.28r7.b1         3  2.5879373895924e-05  3.3820760505033e+01  1.6908880160681e+02  3.3592525170083e+01  3.1992622505111e+01
  1.4726606971327e+04  mo.29r7.b1         4  8.9621904098793e-07  1.9005441563995e+02  2.8974484739528e+01  3.3698543358941e+01  3.2117788978592e+01
  1.4780058455424e+04  mo.30r7.b1         4  8.9621904098793e-07  3.1067836295826e+01  1.8493729203906e+02  3.3813171804955e+01  3.2257324016203e+01
  1.4783964455424e+04  ms.30r7.b1         3  2.5879373895924e-05  3.0385395460274e+01  1.8608685213525e+02  3.3833892415538e+01  3.2260605097327e+01
  1.4833509939520e+04  mo.31r7.b1         4  8.9621904098793e-07  1.6444954455937e+02  3.3876272978534e+01  3.3957493820329e+01  3.2367855888206e+01
  1.4837415939520e+04  ms.31r7.b1         3 -1.2887768119185e-05  1.6533287163459e+02  3.3339389033022e+01  3.3961186065533e+01  3.2386786791233e+01
  1.4886961423617e+04  mo.32r7.b1         4  8.9621904098793e-07  3.3477074820239e+01  1.6706570258034e+02  3.4077169153217e+01  3.2502329916058e+01
  1.4890867423617e+04  ms.32r7.b1         3  2.5879373895924e-05  3.3918985217289e+01  1.6708081563463e+02  3.4096052858891e+01  3.2505973151868e+01
  1.4940412907713e+04  mo.33r7.b1         4  8.9621904098793e-07  1.8967879238226e+02  2.9188655845598e+01  3.4202013419907e+01  3.2631505844705e+01
  1.4993864391810e+04  mo.34r7.b1         4  8.9621904098793e-07  3.0953389138793e+01  1.8688515568211e+02  3.4317038709727e+01  3.2769353094477e+01
  1.4997770391810e+04  ms.34l8.b1         3  2.5879373895924e-05  3.0289114055863e+01  1.8797349808514e+02  3.4337830965974e+01  3.2772600606134e+01
  1.5047315875906e+04  mo.33l8.b1         4  8.9621904098793e-07  1.6483904271427e+02  3.3632174771841e+01  3.4461495574888e+01  3.2879670124483e+01
  1.5100767360003e+04  mo.32l8.b1         4  8.9621904098793e-07  3.3590134069088e+01  1.6524437204584e+02  3.4580745068948e+01  3.3015792532757e+01
  1.5104673360003e+04  ms.32l8.b1         3  2.5879373895924e-05  3.4013270363645e+01  1.6532755459912e+02  3.4599570548815e+01  3.3019475171277e+01
  1.5154218844100e+04  mo.31l8.b1         4  8.9621904098793e-07  1.8927563353570e+02  2.9461122759534e+01  3.4705490613530e+01  3.3145108672698e+01
  1.5158124844100e+04  ms.31l8.b1         3 -1.2887768119185e-05  1.8948167987990e+02  2.9892472213235e+01  3.4708705355238e+01  3.3166561460250e+01
  1.5207670328196e+04  mo.30l8.b1         4  8.9621904098793e-07  3.0841779975378e+01  1.8856832520835e+02  3.4820919762758e+01  3.3281265576167e+01
  1.5211576328196e+04  ms.30l8.b1         3  2.5879373895924e-05  3.0196877019950e+01  1.8958218088183e+02  3.4841781793942e+01  3.3284484811917e+01
  1.5261121812293e+04  mo.29l8.b1         4  8.9621904098793e-07  1.6525564053417e+02  3.3333078658072e+01  3.4965487555439e+01  3.3391580412525e+01
  1.5314573296389e+04  mo.28l8.b1         4  8.9621904098793e-07  3.3700231767280e+01  1.6371010936795e+02  3.5084309123489e+01  3.3529392755743e+01
  1.5318479296389e+04  ms.28l8.b1         3  2.5879373895924e-05  3.4103408563075e+01  1.6387372033663e+02  3.5103078712873e+01  3.3533108992336e+01
  1.5371930780486e+04  ms.27l8.b1         3 -1.2887768119185e-05  1.8902667911508e+02  3.0279369599173e+01  3.5212197738706e+01  3.3679771906602e+01
  1.5421476264582e+04  mo.26l8.b1         4  8.9621904098793e-07  3.0733254290957e+01  1.8994388586216e+02  3.5324814693275e+01  3.3793081575173e+01
  1.5425382264582e+04  ms.26l8.b1         3  2.5879373895924e-05  3.0108887228759e+01  1.9087188491267e+02  3.5345744431206e+01  3.3796278275001e+01
  1.5474927748679e+04  mo.25l8.b1         4  8.9621904098793e-07  1.6569842170832e+02  3.2986610509987e+01  3.5469469168354e+01  3.3903606901159e+01
  1.5478833748679e+04  ms.25l8.b1         3 -1.2887768119185e-05  1.6665847485563e+02  3.2240789877557e+01  3.5473132810009e+01  3.3923118376830e+01
  1.5528379232775e+04  mo.24l8.b1         4  8.9621904098793e-07  3.3807125753917e+01  1.6250203271442e+02  3.5587861719734e+01  3.4043107537933e+01
  1.5532285232775e+04  ms.24l8.b1         3  2.5879373895924e-05  3.4189201555787e+01  1.6275638038019e+02  3.5606577837656e+01  3.4046850349108e+01
  1.5585736716872e+04  ms.23l8.b1         3 -1.2887768119185e-05  1.8854681829832e+02  3.0693877926354e+01  3.5715698770910e+01  3.4192808360477e+01
  1.5635282200968e+04  mo.22l8.b1         4  8.9621904098793e-07  3.0628050788759e+01  1.9097676580539e+02  3.5828723192725e+01  3.4304822694669e+01
  1.5639188200968e+04  ms.22l8.b1         3  2.5879373895924e-05  3.0025338216626e+01  1.9180972737396e+02  3.5849718374236e+01  3.4308002932628e+01
  1.5692639685065e+04  ms.21l8.b1         3 -1.2887768119185e-05  1.6684031309548e+02  3.1878470836727e+01  3.5977096334877e+01  3.4435506547520e+01
  1.5746091169161e+04  ms.20l8.b1         3  2.5879373895924e-05  3.3007758975996e+01  1.6288472838368e+02  3.6113809881751e+01  3.4559890159902e+01
  1.5799542653258e+04  ms.19l8.b1         3 -1.2887768119185e-05  1.8942559512088e+02  2.9667721373003e+01  3.6224821878011e+01  3.4709565277853e+01
  1.5852994137354e+04  ms.18l8.b1         3  2.5879373895924e-05  2.9815134823856e+01  1.9382918451534e+02  3.6359241510430e+01  3.4826272491911e+01
  1.5906445621451e+04  ms.17l8.b1         3 -1.2887768119185e-05  1.6774691379598e+02  3.1184326461651e+01  3.6486751279833e+01  3.4954729634192e+01
  1.5959897105547e+04  ms.16l8.b1         3  2.5879373895924e-05  3.3207568460053e+01  1.6134843038065e+02  3.6622415225544e+01  3.5081639635280e+01
  1.6013348589644e+04  ms.15l8.b1         3 -1.2887768119185e-05  1.8844841729513e+02  3.0385545647467e+01  3.6733369678786e+01  3.5229757013102e+01
  1.6066800073741e+04  ms.14l8.b1         3  2.5879373895924e-05  2.9626369748363e+01  1.9485833600030e+02  3.6868828631792e+01  3.5344397945775e+01
  1.6120251557837e+04  ms.13l8.b1         3 -1.2887768119185e-05  1.6983559027465e+02  3.0256728843749e+01  3.6996339060900e+01  3.5474466876612e+01
  1.6173703041934e+04  ms.12l8.b1         3  2.5879373895924e-05  3.7992726450825e+01  1.5795949820806e+02  3.7119215198708e+01  3.5606182084476e+01
  1.6228425526030e+04  ms.11l8.b1         3 -1.2887768119185e-05  1.7706939484588e+02  3.7563243294688e+01  3.7223748556828e+01  3.5746534505852e+01
  1.7100379926029e+04  ms.11r8.b1         3  1.8333887950523e-05  4.7434125562751e+01  8.3528046005822e+01  3.9702103447295e+01  3.7985329957610e+01
  1.7153832441933e+04  ms.12r8.b1         3 -1.1119018794272e-05  8.5144671072836e+01  4.1693548942567e+01  3.9850120832057e+01  3.8184215947511e+01
  1.7207280957836e+04  ms.13r8.b1         3  4.6365974954433e-05  3.9655416498946e+01  3.6712338974242e+02  4.0058857232433e+01  3.8251521072884e+01
  1.7260729473740e+04  ms.14r8.b1         3 -4.2414352808688e-05  3.7863727442913e+02  3.7139655041782e+01  4.0126967329958e+01  3.8331256749524e+01
  1.7314177989643e+04  ms.15r8.b1         3  1.8333887950523e-05  4.6227153603307e+01  8.4570446502539e+01  4.0196635561845e+01  3.8512231869933e+01
  1.7367626505546e+04  ms.16r8.b1         3 -1.1119018794272e-05  8.4364191526800e+01  4.6629017458964e+01  4.0348077206465e+01  3.8687967593130e+01
  1.7421075021450e+04  ms.17r8.b1         3  4.6365974954433e-05  3.9642380147793e+01  3.6712901881336e+02  4.0558826482830e+01  3.8751502985081e+01
  1.7474523537353e+04  ms.18r8.b1         3 -4.2414352808688e-05  3.7862211835957e+02  3.7151931325272e+01  4.0626949969581e+01  3.8831223593828e+01
  1.7527972053257e+04  ms.19r8.b1         3  1.8333887950523e-05  4.6240189591009e+01  8.4564833346627e+01  4.0696609191716e+01  3.9012153346910e+01
  1.7581420569160e+04  ms.20r8.b1         3 -1.1119018794272e-05  8.4379363838519e+01  4.6616740641675e+01  4.0847999299437e+01  3.9187941177030e+01
  1.7634869085064e+04  ms.21r8.b1         3  4.6365974954433e-05  3.9629344524264e+01  3.6713461605391e+02  4.1058795723113e+01  3.9251484897555e+01
  1.7684411600967e+04  mo.22r8.b1         4  8.9621904098793e-07  3.7586925383286e+02  4.3726961443069e+01  4.1125318569141e+01  3.9315422454045e+01
  1.7688317600967e+04  ms.22r8.b1         3 -4.2414352808688e-05  3.7860692980656e+02  3.7164208675660e+01  4.1126932608509e+01  3.9331190449086e+01
  1.7741766116871e+04  ms.23r8.b1         3  1.8333887950523e-05  4.6253224849634e+01  8.4559252021798e+01  4.1196582829020e+01  3.9512074818689e+01
  1.7791308632774e+04  mo.24r8.b1         4  8.9621904098793e-07  8.5675434675471e+01  4.0337555926797e+01  4.1340758643642e+01  3.9673257642668e+01
  1.7795214632774e+04  ms.24r8.b1         3 -1.1119018794272e-05  8.4394568632014e+01  4.6604462758874e+01  4.1347921406430e+01  3.9687914753972e+01
  1.7844757148678e+04  mo.25r8.b1         4  8.9621904098793e-07  3.3109820057672e+01  3.6635770838263e+02  4.1541207148757e+01  3.9749806622989e+01
  1.7848663148678e+04  ms.25r8.b1         3  4.6365974954433e-05  3.9616309631258e+01  3.6714018146272e+02  4.1558764953277e+01  3.9751466810303e+01
  1.7898205664581e+04  mo.26r8.b1         4  8.9621904098793e-07  3.7585109217947e+02  4.3739460467892e+01  4.1625301135927e+01  3.9815394193015e+01
  1.7902111664581e+04  ms.26r8.b1         3 -4.2414352808688e-05  3.7859170877340e+02  3.7176487090184e+01  4.1626915246739e+01  3.9831157315292e+01
  1.7955560180485e+04  ms.27r8.b1         3  1.8333887950523e-05  4.6266259376305e+01  8.4553702529291e+01  4.1696556473753e+01  4.0011996285300e+01
  1.8005102696388e+04  mo.28r8.b1         4  8.9621904098793e-07  8.5693612345675e+01  4.0325057093582e+01  4.1840682171825e+01  4.0173226997849e+01
  1.8009008696388e+04  ms.28r8.b1         3 -1.1119018794272e-05  8.4409805903932e+01  4.6592183813326e+01  4.1847843527471e+01  4.0187888323952e+01
  1.8058551212292e+04  mo.29r8.b1         4  8.9621904098793e-07  3.3097509994775e+01  3.6636030579410e+02  4.2041170189235e+01  4.0249788554407e+01
  1.8062457212292e+04  ms.29r8.b1         3  4.6365974954433e-05  3.9603275471646e+01  3.6714571503858e+02  4.2058734173316e+01  4.0251448723325e+01
  1.8111999728195e+04  mo.30r8.b1         4  8.9621904098793e-07  3.7583289849342e+02  4.3751959108798e+01  4.2125283701870e+01  4.0315365940060e+01
  1.8165448244099e+04  mo.31r8.b1         4  8.9621904098793e-07  5.3088120623813e+01  8.3912121735722e+01  4.2183713260045e+01  4.0504686673331e+01
  1.8169354244099e+04  ms.31r8.b1         3  1.8333887950523e-05  4.6279293168145e+01  8.4548184870377e+01  4.2196530125909e+01  4.0511917746771e+01
  1.8218896760002e+04  mo.32r8.b1         4  8.9621904098793e-07  8.5711822046504e+01  4.0312558645705e+01  4.2340605716242e+01  4.0673196343531e+01
  1.8222802760002e+04  ms.32r8.b1         3 -1.1119018794272e-05  8.4425075650917e+01  4.6579903807783e+01  4.2347765662583e+01  4.0687861886965e+01
  1.8272345275905e+04  mo.33r8.b1         4  8.9621904098793e-07  3.3085202138044e+01  3.6636287138804e+02  4.2541133215965e+01  4.0749770485954e+01
  1.8276251275905e+04  ms.33r8.b1         3  4.6365974954433e-05  3.9590242048296e+01  3.6715121678027e+02  4.2558703383223e+01  4.0751430636619e+01
  1.8325793791809e+04  mo.34r8.b1         4  8.9621904098793e-07  3.7581467277892e+02  4.3764457362913e+01  4.2625266266968e+01  4.0815337695175e+01
  1.8379242307712e+04  mo.33l1.b1         4  8.9621904098793e-07  5.3100427376425e+01  8.3909572050804e+01  4.2683690216212e+01  4.1004607784988e+01
  1.8383148307712e+04  ms.33l1.b1         3  1.8333887950523e-05  4.6292326222252e+01  8.4542699046314e+01  4.2696503785484e+01  4.1011839203132e+01
  1.8432690823616e+04  mo.32l1.b1         4  8.9621904098793e-07  8.5730063773888e+01  4.0300060585998e+01  4.2840529276914e+01  4.1173165679707e+01
  1.8486139339519e+04  mo.31l1.b1         4  8.9621904098793e-07  3.3072896490221e+01  3.6636540516376e+02  4.3041096228940e+01  4.1249752417625e+01
  1.8490045339519e+04  ms.31l1.b1         3  4.6365974954433e-05  3.9577209364137e+01  3.6715668668636e+02  4.3058672582992e+01  4.1251412550183e+01
  1.8539587855423e+04  mo.30l1.b1         4  8.9621904098793e-07  3.7579641503970e+02  4.3776955227507e+01  4.3125248831219e+01  4.1315309458354e+01
  1.8543493855423e+04  ms.30l1.b1         3 -4.2414352808688e-05  3.7854585082717e+02  3.7213328690855e+01  4.3126863157231e+01  4.1331057979536e+01
  1.8593036371326e+04  mo.29l1.b1         4  8.9621904098793e-07  5.3112731918814e+01  8.3907054184268e+01  4.3183667177718e+01  4.1504528894262e+01
  1.8596942371326e+04  ms.29l1.b1         3  1.8333887950523e-05  4.6305358535790e+01  8.4537245058277e+01  4.3196477452474e+01  4.1511760654410e+01
  1.8646484887230e+04  mo.28l1.b1         4  8.9621904098793e-07  8.5748337523896e+01  4.0287562917239e+01  4.3340452853865e+01  4.1673135006372e+01
  1.8703839403133e+04  ms.27l1.b1         3  4.6365974954433e-05  3.9564177421977e+01  3.6716212475588e+02  4.3558641772618e+01  4.1751394464015e+01
  1.8753381919037e+04  mo.26l1.b1         4  8.9621904098793e-07  3.7577812527990e+02  4.3789452699732e+01  4.3625231394623e+01  4.1815281229594e+01
  1.8757287919037e+04  ms.26l1.b1         3 -4.2414352808688e-05  3.7853049990730e+02  3.7225611334243e+01  4.3626845792656e+01  4.1831024889472e+01
  1.8806830434940e+04  mo.25l1.b1         4  8.9621904098793e-07  5.3125034248260e+01  8.3904568136703e+01  4.3683644144560e+01  4.2004450001184e+01
  1.8810736434940e+04  ms.25l1.b1         3  1.8333887950523e-05  4.6318390105863e+01  8.4531822907530e+01  4.3696451126874e+01  4.2011682100636e+01
  1.8860278950844e+04  mo.24l1.b1         4  8.9621904098793e-07  8.5766643292446e+01  4.0275065642262e+01  4.3840376447114e+01  4.2173104323521e+01
  1.8864184950844e+04  ms.24l1.b1         3 -1.1119018794272e-05  8.4471079708405e+01  4.6543057458968e+01  4.3847532152602e+01  4.2187782534161e+01
  1.8917633466747e+04  ms.23l1.b1         3  4.6365974954433e-05  3.9551146224708e+01  3.6716753098756e+02  4.4058610952093e+01  4.2251376378115e+01
  1.8967175982651e+04  mo.22l1.b1         4  8.9621904098793e-07  3.7575980350359e+02  4.3801949776759e+01  4.4125213957177e+01  4.2315253008889e+01
  1.8971081982651e+04  ms.22l1.b1         3 -4.2414352808688e-05  3.7851511652423e+02  3.7237895027933e+01  4.4126828427377e+01  4.2330991810325e+01
  1.9024530498554e+04  ms.21l1.b1         3  1.8333887950523e-05  4.6331420929584e+01  8.4526432595297e+01  4.4196424808680e+01  4.2511603541837e+01
  1.9077979014458e+04  ms.20l1.b1         3 -1.1119018794272e-05  8.4486479321832e+01  4.6530773241167e+01  4.4347454344252e+01  4.2687756069265e+01
  1.9131427530361e+04  ms.19l1.b1         3  4.6365974954433e-05  3.9538115775243e+01  3.6717290538005e+02  4.4558580121413e+01  4.2751358292480e+01
  1.9184876046264e+04  ms.18l1.b1         3 -4.2414352808688e-05  3.7849970068127e+02  3.7250179769150e+01  4.4626811061391e+01  4.2830958742088e+01
  1.9238324562168e+04  ms.17l1.b1         3  1.8333887950523e-05  4.6344451004089e+01  8.4521074122791e+01  4.4696398497886e+01  4.3011524978043e+01
  1.9291773078071e+04  ms.16l1.b1         3 -1.1119018794272e-05  8.4501911393392e+01  4.6518487977218e+01  4.4847376550097e+01  4.3187729597381e+01
  1.9345221593975e+04  ms.15l1.b1         3  4.6365974954433e-05  3.9525086076422e+01  3.6717824793225e+02  4.5058549280570e+01  4.3251340207109e+01
  1.9398670109878e+04  ms.14l1.b1         3 -4.2414352808688e-05  3.7848425238196e+02  3.7262465555130e+01  4.5126793694698e+01  4.3330925684756e+01
  1.9452118625782e+04  ms.13l1.b1         3  1.8333887950523e-05  4.6255237620989e+01  8.4682697875417e+01  4.5196386358293e+01  4.3511439272481e+01
  1.9505567141685e+04  ms.12l1.b1         3 -1.1119018794272e-05  8.3755547271326e+01  4.7136345539202e+01  4.5348907997119e+01  4.3684853979681e+01
  1.9560286657589e+04  ms.11l1.b1         3  4.6365974954433e-05  4.4712445201325e+01  3.4774888931034e+02  4.5559102479601e+01  4.3749016880228e+01
  2.0433103057588e+04  ms.11r1.b1         3 -3.0714765559236e-05  3.8663142753866e+02  3.0556108946698e+01  4.7615682711267e+01  4.5820922689790e+01
  2.0486558541684e+04  ms.12r1.b1         3  1.8333887950523e-05  4.7313988075462e+01  9.0038522162958e+01  4.7683919792505e+01  4.6029996665615e+01
  2.0540010025781e+04  ms.13r1.b1         3 -1.1119018794272e-05  8.5885393019040e+01  5.2263473219753e+01  4.7831018144147e+01  4.6182245275106e+01
  2.0593461509877e+04  ms.14r1.b1         3  5.4459117451904e-05  3.8688195142534e+01  3.6152883611897e+02  4.8043916373121e+01  4.6242564642376e+01
  2.0646912993974e+04  ms.15r1.b1         3 -3.0714765559236e-05  3.7507135574834e+02  3.1572109855816e+01  4.8113283275568e+01  4.6330526787990e+01
  2.0700364478070e+04  ms.16r1.b1         3  1.8333887950523e-05  4.6796652021094e+01  9.0565765901205e+01  4.8182852124672e+01  4.6530549228911e+01
  2.0753815962167e+04  ms.17r1.b1         3 -1.1119018794272e-05  8.5886000897038e+01  5.2262951059141e+01  4.8331015404176e+01  4.6682244205281e+01
  2.0807267446263e+04  ms.18r1.b1         3  5.4459117451904e-05  3.8687735251424e+01  3.6152975799119e+02  4.8543915245097e+01  4.6742563808372e+01
  2.0860718930360e+04  ms.19r1.b1         3 -3.0714765559236e-05  3.7507074784990e+02  3.1572632018831e+01  4.8613282648155e+01  4.6830525017060e+01
  2.0914170414457e+04  ms.20r1.b1         3  1.8333887950523e-05  4.6797111911628e+01  9.0564844060453e+01  4.8682851192111e+01  4.7030545899637e+01
  2.0967621898553e+04  ms.21r1.b1         3 -1.1119018794272e-05  8.5886608815944e+01  5.2262428893725e+01  4.8831012664223e+01  4.7182243135446e+01
  2.1017167382650e+04  mo.22r1.b1         4  8.9621904098793e-07  3.2296092070394e+01  3.6212148891536e+02  4.9025922480231e+01  4.7240880198774e+01
  2.1021073382650e+04  ms.22r1.b1         3  5.4459117451904e-05  3.8687275361464e+01  3.6153067980049e+02  4.9043914117059e+01  4.7242562974371e+01
  2.1074524866746e+04  ms.23r1.b1         3 -3.0714765559236e-05  3.7507013991054e+02  3.1573154186651e+01  4.9113282020741e+01  4.7330523246159e+01
  2.1124070350843e+04  mo.24r1.b1         4  8.9621904098793e-07  5.3490788299192e+01  8.8548981919230e+01  4.9170152883006e+01  4.7523741447354e+01
  2.1127976350843e+04  ms.24r1.b1         3  1.8333887950523e-05  4.6797571801008e+01  9.0563922282636e+01  4.9182850259558e+01  4.7530542570330e+01
  2.1177521834939e+04  mo.25r1.b1         4  8.9621904098793e-07  8.7323828737137e+01  4.6244417786625e+01  4.9323977095335e+01  4.7669319227678e+01
  2.1181427834939e+04  ms.25r1.b1         3 -1.1119018794272e-05  8.5887216775762e+01  5.2261906723498e+01  4.9331009924290e+01  4.7682242065600e+01
  2.1230973319036e+04  mo.26r1.b1         4  8.9621904098793e-07  3.2295660903267e+01  3.6212228005684e+02  4.9525921124170e+01  4.7740879368759e+01
  2.1234879319036e+04  ms.26r1.b1         3  5.4459117451904e-05  3.8686815472659e+01  3.6153160154684e+02  4.9543912989007e+01  4.7742562140372e+01
  2.1288330803132e+04  ms.27r1.b1         3 -3.0714765559236e-05  3.7506953193026e+02  3.1573676359274e+01  4.9613281393326e+01  4.7830521475287e+01
  2.1337876287229e+04  mo.28r1.b1         4  8.9621904098793e-07  5.3491219464817e+01  8.8548190809521e+01  4.9670152064267e+01  4.8023738052982e+01
  2.1341782287229e+04  ms.28r1.b1         3  1.8333887950523e-05  4.6798031689242e+01  9.0563000567741e+01  4.9682849327015e+01  4.8030539240988e+01
  2.1391327771325e+04  mo.29r1.b1         4  8.9621904098793e-07  8.7324539904087e+01  4.6243855174618e+01  4.9823974408986e+01  4.8169318014336e+01
  2.1444779255422e+04  mo.30r1.b1         4  8.9621904098793e-07  3.2295229739135e+01  3.6212307113477e+02  5.0025919768091e+01  4.8240878538745e+01
  2.1448685255422e+04  ms.30r1.b1         3  5.4459117451904e-05  3.8686355585003e+01  3.6153252323026e+02  5.0043911860943e+01  4.8242561306374e+01
  2.1498230739518e+04  mo.31r1.b1         4  8.9621904098793e-07  3.7218029123909e+02  3.7887924245358e+01  5.0111651114483e+01  4.8312130921189e+01
  2.1502136739518e+04  ms.31r1.b1         3 -3.0714765559236e-05  3.7506892390910e+02  3.1574198536698e+01  5.0113280765910e+01  4.8330519704445e+01
  2.1551682223615e+04  mo.32r1.b1         4  8.9621904098793e-07  5.3491650627442e+01  8.8547399763348e+01  5.0170151245534e+01  4.8523734658580e+01
  2.1555588223615e+04  ms.32r1.b1         3  1.8333887950523e-05  4.6798491576327e+01  9.0562078915771e+01  5.0182848394481e+01  4.8530535911613e+01
  2.1605133707711e+04  mo.33r1.b1         4  8.9621904098793e-07  8.7325251111328e+01  4.6243292560674e+01  5.0323971722660e+01  4.8669316800978e+01
  2.1658585191808e+04  mo.34r1.b1         4  8.9621904098793e-07  3.2294798577999e+01  3.6212386214908e+02  5.0525918411994e+01  4.8740877708733e+01
  2.1662491191808e+04  ms.34l2.b1         3  5.4459117451904e-05  3.8685895698502e+01  3.6153344485060e+02  5.0543910732864e+01  4.8742560472380e+01
  2.1712036675904e+04  mo.33l2.b1         4  8.9621904098793e-07  3.7217958001158e+02  3.7888486860280e+01  5.0611650484188e+01  4.8812129440253e+01
  2.1765488160001e+04  mo.32l2.b1         4  8.9621904098793e-07  5.3492081787059e+01  8.8546608780700e+01  5.0670150426809e+01  4.9023731264147e+01
  2.1769394160001e+04  ms.32l2.b1         3  1.8333887950523e-05  4.6798951462258e+01  9.0561157326714e+01  5.0682847461956e+01  4.9030532582203e+01
  2.1818939644098e+04  mo.31l2.b1         4  8.9621904098793e-07  8.7325962358902e+01  4.6242729944763e+01  5.0823969036355e+01  4.9169315587605e+01
  2.1822845644098e+04  ms.31l2.b1         3 -1.1119018794272e-05  8.5889040900681e+01  5.2260340184001e+01  5.0831001704607e+01  4.9182238855999e+01
  2.1872391128194e+04  mo.30l2.b1         4  8.9621904098793e-07  3.2294367419866e+01  3.6212465310000e+02  5.1025917055879e+01  4.9240876878722e+01
  2.1876297128194e+04  ms.30l2.b1         3  5.4459117451904e-05  3.8685435813109e+01  3.6153436640829e+02  5.1043909604773e+01  4.9242559638387e+01
  2.1925842612291e+04  mo.29l2.b1         4  8.9621904098793e-07  3.7217886874389e+02  3.7889049477131e+01  5.1111649853892e+01  4.9312127959340e+01
  2.1979294096387e+04  mo.28l2.b1         4  8.9621904098793e-07  5.3492512943703e+01  8.8545817861569e+01  5.1170149608089e+01  4.9523727869684e+01
  2.1983200096387e+04  ms.28l2.b1         3  1.8333887950523e-05  4.6799411347052e+01  9.0560235800586e+01  5.1182846529440e+01  4.9530529252760e+01
  2.2036651580484e+04  ms.27l2.b1         3 -1.1119018794272e-05  8.5889649024147e+01  5.2259817994560e+01  5.1330998964752e+01  4.9682237786110e+01
  2.2086197064580e+04  mo.26l2.b1         4  8.9621904098793e-07  3.2293936264730e+01  3.6212544398737e+02  5.1525915699746e+01  4.9740876048714e+01
  2.2090103064580e+04  ms.26l2.b1         3  5.4459117451904e-05  3.8684975928892e+01  3.6153528790294e+02  5.1543908476668e+01  4.9742558804396e+01
  2.2139648548677e+04  mo.25l2.b1         4  8.9621904098793e-07  3.7217815743586e+02  3.7889612095938e+01  5.1611649223594e+01  4.9812126478448e+01
  2.2143554548677e+04  ms.25l2.b1         3 -3.0714765559236e-05  3.7506709959993e+02  3.1575765097806e+01  5.1613278883656e+01  4.9830514392094e+01
  2.2193100032773e+04  mo.24l2.b1         4  8.9621904098793e-07  5.3492944097335e+01  8.8545027005971e+01  5.1670148789377e+01  5.0023724475190e+01
  2.2197006032773e+04  ms.24l2.b1         3  1.8333887950523e-05  4.6799871230697e+01  9.0559314337382e+01  5.1682845596933e+01  5.0030525923283e+01
  2.2250457516870e+04  ms.23l2.b1         3 -1.1119018794272e-05  8.5890257188506e+01  5.2259295800323e+01  5.1830996224916e+01  5.0182236716211e+01
  2.2300003000966e+04  mo.22l2.b1         4  8.9621904098793e-07  3.2293505112593e+01  3.6212623481117e+02  5.2025914343594e+01  5.0240875218707e+01
  2.2303909000966e+04  ms.22l2.b1         3  5.4459117451904e-05  3.8684516045825e+01  3.6153620933467e+02  5.2043907348549e+01  5.0242557970407e+01
  2.2357360485063e+04  ms.21l2.b1         3 -3.0714765559236e-05  3.7506649141511e+02  3.1576287294447e+01  5.2113278256237e+01  5.0330512621369e+01
  2.2410811969159e+04  ms.20l2.b1         3  1.8333887950523e-05  4.6800331113190e+01  9.0558392937089e+01  5.2182844664436e+01  5.0530522593772e+01
  2.2464263453256e+04  ms.19l2.b1         3 -1.1119018794272e-05  8.5890865393780e+01  5.2258773601280e+01  5.2330993485099e+01  5.0682235646301e+01
  2.2517714937352e+04  ms.18l2.b1         3  5.4459117451904e-05  3.8684056163902e+01  3.6153713070350e+02  5.2543906220417e+01  5.0742557136421e+01
  2.2571166421449e+04  ms.17l2.b1         3 -3.0714765559236e-05  3.7506588318938e+02  3.1576809495890e+01  5.2613277628816e+01  5.0830510850673e+01
  2.2624617905545e+04  ms.16l2.b1         3  1.8333887950523e-05  4.6800790994541e+01  9.0557471599732e+01  5.2682843731948e+01  5.1030519264227e+01
  2.2678069389642e+04  ms.15l2.b1         3 -1.1119018794272e-05  8.5891473639970e+01  5.2258251397436e+01  5.2830990745302e+01  5.1182234576380e+01
  2.2731520873739e+04  ms.14l2.b1         3  5.4459117451904e-05  3.8683596283123e+01  3.6153805200941e+02  5.3043905092272e+01  5.1242556302436e+01
  2.2784972357835e+04  ms.13l2.b1         3 -3.0714765559236e-05  3.7289590695012e+02  3.1785933375557e+01  5.3113281734028e+01  5.1330448387274e+01
  2.2838423841932e+04  ms.12l2.b1         3  1.8333887950523e-05  3.7489746176161e+01  9.0946952361469e+01  5.3192240357207e+01  5.1526159405177e+01
  2.2893146326028e+04  ms.11l2.b1         3 -1.1119018794272e-05  8.1826319060233e+01  5.1285791024081e+01  5.3371885983137e+01  5.1694415291390e+01
  2.3765100726027e+04  ms.11r2.b1         3  2.5879373895924e-05  3.4346989582994e+01  1.6583358031211e+02  5.5788621638441e+01  5.3834030276094e+01
  2.3818553241931e+04  ms.12r2.b1         3 -1.2887768119185e-05  1.6401605238964e+02  2.7626205101035e+01  5.5907254666192e+01  5.3989251944041e+01
  2.3872001757834e+04  ms.13r2.b1         3  2.5879373895924e-05  3.2359686251370e+01  1.9021304814773e+02  5.6047531301596e+01  5.4112611437453e+01
  2.3925450273738e+04  ms.14r2.b1         3 -1.2887768119185e-05  1.9148192271060e+02  3.5700719858121e+01  5.6159411702971e+01  5.4231647720723e+01
  2.3978898789641e+04  ms.15r2.b1         3  2.5879373895924e-05  3.3783890209227e+01  1.6386384045195e+02  5.6281924593268e+01  5.4347689918199e+01
  2.4032347305544e+04  ms.16r2.b1         3 -1.2887768119185e-05  1.5785263114877e+02  3.3876540795598e+01  5.6404633498410e+01  5.4483201964563e+01
  2.4085795821448e+04  ms.17r2.b1         3  2.5879373895924e-05  3.2370930705790e+01  1.8869740616795e+02  5.6547809836101e+01  5.4593180761353e+01
  2.4139244337351e+04  ms.18r2.b1         3 -1.2887768119185e-05  1.9150035729383e+02  3.6373565203375e+01  5.6659660324352e+01  5.4711433099202e+01
  2.4192692853255e+04  ms.19r2.b1         3  2.5879373895924e-05  3.3772641568072e+01  1.6580736211082e+02  5.6782191476560e+01  5.4825338935234e+01
  2.4246141369158e+04  ms.20r2.b1         3 -1.2887768119185e-05  1.5783429626697e+02  3.3246718913604e+01  5.6904935118760e+01  5.4961487303877e+01
  2.4299589885062e+04  ms.21r2.b1         3  2.5879373895924e-05  3.2382183500350e+01  1.8635949150013e+02  5.7048088273836e+01  5.5073549204057e+01
  2.4349132400965e+04  mo.22r2.b1         4  8.9621904098793e-07  1.9048037330462e+02  3.7512850086445e+01  5.7156721206149e+01  5.5174485142245e+01
  2.4353038400965e+04  ms.22r2.b1         3 -1.2887768119185e-05  1.9115811383427e+02  3.7022418079516e+01  5.7159911925886e+01  5.5191547942892e+01
  2.4406486916869e+04  ms.23r2.b1         3  2.5879373895924e-05  3.2286086373601e+01  1.6968587269457e+02  5.7286305315818e+01  5.5302534539404e+01
  2.4456029432772e+04  mo.24r2.b1         4  8.9621904098793e-07  1.5876258769380e+02  3.1000811466982e+01  5.7407929782063e+01  5.5422213540305e+01
  2.4459935432772e+04  ms.24r2.b1         3 -1.2887768119185e-05  1.5921750334575e+02  3.1187333640358e+01  5.7411759382567e+01  5.5442680934220e+01
  2.4509477948676e+04  mo.25r2.b1         4  8.9621904098793e-07  3.1971320462096e+01  1.8225633836534e+02  5.7533914622497e+01  5.5556794635677e+01
  2.4513383948676e+04  ms.25r2.b1         3  2.5879373895924e-05  3.2589124528623e+01  1.8354645148810e+02  5.7553618098212e+01  5.5560125008741e+01
  2.4562926464579e+04  mo.26r2.b1         4  8.9621904098793e-07  1.9058239002506e+02  3.7669008854795e+01  5.7661805585501e+01  5.5661710851415e+01
  2.4566832464579e+04  ms.26r2.b1         3 -1.2887768119185e-05  1.9121137632864e+02  3.7308836436621e+01  5.7664995006667e+01  5.5678672377902e+01
  2.4620280980483e+04  ms.27r2.b1         3  2.5879373895924e-05  3.2079516491377e+01  1.7260720099914e+02  5.7791887199655e+01  5.5788024404607e+01
  2.4669823496386e+04  mo.28r2.b1         4  8.9621904098793e-07  1.5869954228341e+02  3.0896749203428e+01  5.7914033228085e+01  5.5906689725421e+01
  2.4673729496386e+04  ms.28r2.b1         3 -1.2887768119185e-05  1.5920342535451e+02  3.0948740637130e+01  5.7917863758723e+01  5.5927271067854e+01
  2.4723272012290e+04  mo.29r2.b1         4  8.9621904098793e-07  3.2176961836930e+01  1.7922553073841e+02  5.8039534976959e+01  5.6043099363673e+01
  2.4727178012290e+04  ms.29r2.b1         3  2.5879373895924e-05  3.2795070268291e+01  1.8053965829963e+02  5.8059112988427e+01  5.6046485637153e+01
  2.4776720528193e+04  mo.30r2.b1         4  8.9621904098793e-07  1.9060638691048e+02  3.7720161608200e+01  5.8166888283313e+01  5.6148971788327e+01
  2.4830169044097e+04  mo.31r2.b1         4  8.9621904098793e-07  3.2717392072356e+01  1.7589556049981e+02  5.8277810396805e+01  5.6270299286839e+01
  2.4834075044097e+04  ms.31r2.b1         3  2.5879373895924e-05  3.1874447126360e+01  1.7567596795290e+02  5.8297505026080e+01  5.6273764470064e+01
  2.4883617560000e+04  mo.32r2.b1         4  8.9621904098793e-07  1.5871462331312e+02  3.0898905600364e+01  5.8420137596736e+01  5.6391140250891e+01
  2.4887523560000e+04  ms.32r2.b1         3 -1.2887768119185e-05  1.5926772008327e+02  3.0811002287819e+01  5.8423967171983e+01  5.6411767080615e+01
  2.4937066075903e+04  mo.33r2.b1         4  8.9621904098793e-07  3.2384179975677e+01  1.7611862107321e+02  5.8545119375303e+01  5.6529166894849e+01
  2.4940972075903e+04  ms.33r2.b1         3  2.5879373895924e-05  3.2999012099901e+01  1.7743289288053e+02  5.8564573631938e+01  5.6532612692196e+01
  2.4990514591807e+04  mo.34r2.b1         4  8.9621904098793e-07  1.9055224643619e+02  3.7664712908153e+01  5.8671971383264e+01  5.6636231997211e+01
  2.5043963107710e+04  mo.33l3.b1         4  8.9621904098793e-07  3.2509765832010e+01  1.7900421286633e+02  5.8783337750911e+01  5.6756349326114e+01
  2.5047869107710e+04  ms.33l3.b1         3  2.5879373895924e-05  3.1671882605941e+01  1.7879645966756e+02  5.8803158904241e+01  5.6759754172727e+01
  2.5097411623614e+04  mo.32l3.b1         4  8.9621904098793e-07  1.5880775692354e+02  3.1007213400450e+01  5.8926239884196e+01  5.6875618587131e+01
  2.5150860139517e+04  mo.31l3.b1         4  8.9621904098793e-07  3.2591960027330e+01  1.7303251291736e+02  5.9050668091758e+01  5.7014986638699e+01
  2.5154766139517e+04  ms.31l3.b1         3  2.5879373895924e-05  3.3199951218180e+01  1.7432305427936e+02  5.9070000863423e+01  5.7018493910213e+01
  2.5204308655421e+04  mo.30l3.b1         4  8.9621904098793e-07  1.9042023375506e+02  3.7504392182414e+01  5.9177056968050e+01  5.7123455532813e+01
  2.5208214655421e+04  ms.30l3.b1         3 -1.2887768119185e-05  1.9090172179056e+02  3.7562660795672e+01  5.9180250334237e+01  5.7140396635066e+01
  2.5257757171324e+04  mo.29l3.b1         4  8.9621904098793e-07  3.2302086447724e+01  1.8204366603027e+02  5.9288900538319e+01  5.7242637547233e+01
  2.5261663171324e+04  ms.29l3.b1         3  2.5879373895924e-05  3.1472814990053e+01  1.8187134897552e+02  5.9308848758565e+01  5.7245985178389e+01
  2.5311205687228e+04  mo.28l3.b1         4  8.9621904098793e-07  1.5897848699278e+02  3.1218294517023e+01  5.9432337102953e+01  5.7360176778598e+01
  2.5368560203131e+04  ms.27l3.b1         3  2.5879373895924e-05  3.3396903523582e+01  1.7130713739646e+02  5.9575395655497e+01  5.7504124233244e+01
  2.5418102719035e+04  mo.26l3.b1         4  8.9621904098793e-07  1.9021099539938e+02  3.7244199784623e+01  5.9682147114283e+01  5.7610606987028e+01
  2.5422008719035e+04  ms.26l3.b1         3 -1.2887768119185e-05  1.9064370825004e+02  3.7436653100107e+01  5.9685344398296e+01  5.7627636084080e+01
  2.5471551234938e+04  mo.25l3.b1         4  8.9621904098793e-07  3.2095371029467e+01  1.8491912039133e+02  5.9794499136845e+01  5.7729147381563e+01
  2.5475457234938e+04  ms.25l3.b1         3  2.5879373895924e-05  3.1278219212519e+01  1.8480473103420e+02  5.9814574322154e+01  5.7732442409347e+01
  2.5524999750842e+04  mo.24l3.b1         4  8.9621904098793e-07  1.5922597737014e+02  3.1525565395611e+01  5.9938426305101e+01  5.7844862841985e+01
  2.5528905750842e+04  ms.24l3.b1         3 -1.2887768119185e-05  1.5992578372739e+02  3.1029445541870e+01  5.9942241848943e+01  5.7865210092154e+01
  2.5582354266745e+04  ms.23l3.b1         3  2.5879373895924e-05  3.3588904442030e+01  1.6847920774280e+02  6.0080759109379e+01  5.7989506777147e+01
  2.5631896782649e+04  mo.22l3.b1         4  8.9621904098793e-07  1.8992555611421e+02  3.6892251034862e+01  6.0187243887334e+01  5.8097652049808e+01
  2.5635802782649e+04  ms.22l3.b1         3 -1.2887768119185e-05  1.9031008861614e+02  3.7209144083526e+01  6.0190446377094e+01  5.8114814927812e+01
  2.5689251298552e+04  ms.21l3.b1         3  2.5879373895924e-05  3.1016185552971e+01  1.8792556305605e+02  6.0320358969823e+01  5.8219101494018e+01
  2.5742699814456e+04  ms.20l3.b1         3 -1.2887768119185e-05  1.5917017762579e+02  3.3002295332249e+01  6.0449269546389e+01  5.8345132240586e+01
  2.5796148330359e+04  ms.19l3.b1         3  2.5879373895924e-05  3.5160513431955e+01  1.6444228152153e+02  6.0583824287226e+01  5.8466699230344e+01
  2.5849596846262e+04  ms.18l3.b1         3 -1.2887768119185e-05  1.9027735960488e+02  3.6642955648095e+01  6.0690696562918e+01  5.8595089745324e+01
  2.5903045362166e+04  ms.17l3.b1         3  2.5879373895924e-05  3.1006682404485e+01  1.9006233160622e+02  6.0820649664397e+01  5.8699622999128e+01
  2.5956493878069e+04  ms.16l3.b1         3 -1.2887768119185e-05  1.5920299881059e+02  3.3631211955225e+01  6.0949568621839e+01  5.8823256958009e+01
  2.6009942393973e+04  ms.15l3.b1         3  2.5879373895924e-05  3.5170004272241e+01  1.6274694369195e+02  6.1084080644060e+01  5.8944177651477e+01
  2.6063390909876e+04  ms.14l3.b1         3 -1.2887768119185e-05  1.9024444634381e+02  3.5962147003663e+01  6.1190946791899e+01  5.9075023696595e+01
  2.6116839425780e+04  ms.13l3.b1         3  2.5879373895924e-05  3.1120590904735e+01  1.9056299817576e+02  6.1320900077344e+01  5.9180323315640e+01
  2.6170287941683e+04  ms.12l3.b1         3 -1.2887768119185e-05  1.6024395322705e+02  3.1545528737589e+01  6.1448261839871e+01  5.9309590452034e+01
  2.6225007457587e+04  ms.11l3.b1         3  2.5879373895924e-05  3.1129751530899e+01  1.6051414153867e+02  6.1607160662859e+01  5.9434107066253e+01
  2.6658883199996e+04  end_marker       100  0.0000000000000e+00  1.2009623497934e+02  2.0920073983284e+02  6.2297900071464e+01  6.0306810062092e+01
